5.300000000000000000e+01 1.030000000000000000e+02 -4.885771179199218750e+01
5.300000000000000000e+01 1.250000000000000000e+02 -4.998250198364257812e+01
5.500000000000000000e+01 1.440000000000000000e+02 -5.090947341918945312e+01
5.800000000000000000e+01 1.630000000000000000e+02 -4.947652435302734375e+01
6.400000000000000000e+01 1.820000000000000000e+02 -4.161241149902343750e+01
7.400000000000000000e+01 1.980000000000000000e+02 -2.708489608764648438e+01
8.500000000000000000e+01 2.090000000000000000e+02 -9.801469802856445312e+00
1.020000000000000000e+02 2.230000000000000000e+02 6.608481407165527344e+00
1.230000000000000000e+02 2.280000000000000000e+02 1.322200679779052734e+01
1.480000000000000000e+02 2.230000000000000000e+02 2.900867462158203125e+00
1.610000000000000000e+02 2.150000000000000000e+02 -1.496166038513183594e+01
1.720000000000000000e+02 2.060000000000000000e+02 -3.364812850952148438e+01
1.830000000000000000e+02 1.900000000000000000e+02 -4.931708145141601562e+01
1.910000000000000000e+02 1.710000000000000000e+02 -5.724671554565429688e+01
1.970000000000000000e+02 1.550000000000000000e+02 -5.874439620971679688e+01
2.020000000000000000e+02 1.360000000000000000e+02 -5.824038696289062500e+01
2.080000000000000000e+02 1.170000000000000000e+02 -5.701826477050781250e+01
7.400000000000000000e+01 8.900000000000000000e+01 1.983918952941894531e+01
8.500000000000000000e+01 8.400000000000000000e+01 3.023192596435546875e+01
9.900000000000000000e+01 8.400000000000000000e+01 3.624368667602539062e+01
1.100000000000000000e+02 8.400000000000000000e+01 3.925174713134765625e+01
1.210000000000000000e+02 8.700000000000000000e+01 3.949855804443359375e+01
1.560000000000000000e+02 8.700000000000000000e+01 3.773463058471679688e+01
1.670000000000000000e+02 8.700000000000000000e+01 3.633478546142578125e+01
1.780000000000000000e+02 8.700000000000000000e+01 3.227586746215820312e+01
1.890000000000000000e+02 9.200000000000000000e+01 2.534136581420898438e+01
1.970000000000000000e+02 9.500000000000000000e+01 1.385584926605224609e+01
1.370000000000000000e+02 1.060000000000000000e+02 3.419578933715820312e+01
1.370000000000000000e+02 1.220000000000000000e+02 3.923630905151367188e+01
1.370000000000000000e+02 1.330000000000000000e+02 4.713418197631835938e+01
1.340000000000000000e+02 1.440000000000000000e+02 4.725214004516601562e+01
1.180000000000000000e+02 1.520000000000000000e+02 3.081947326660156250e+01
1.260000000000000000e+02 1.550000000000000000e+02 3.272893142700195312e+01
1.340000000000000000e+02 1.550000000000000000e+02 3.343558502197265625e+01
1.400000000000000000e+02 1.550000000000000000e+02 3.158317947387695312e+01
1.480000000000000000e+02 1.520000000000000000e+02 2.896776199340820312e+01
9.100000000000000000e+01 1.030000000000000000e+02 2.549323654174804688e+01
9.900000000000000000e+01 1.000000000000000000e+02 3.240568923950195312e+01
1.070000000000000000e+02 1.000000000000000000e+02 3.224121856689453125e+01
1.150000000000000000e+02 1.060000000000000000e+02 2.803328132629394531e+01
1.070000000000000000e+02 1.060000000000000000e+02 3.128612518310546875e+01
9.600000000000000000e+01 1.060000000000000000e+02 3.045021820068359375e+01
1.560000000000000000e+02 1.060000000000000000e+02 2.672733879089355469e+01
1.640000000000000000e+02 1.030000000000000000e+02 2.980595588684082031e+01
1.750000000000000000e+02 1.060000000000000000e+02 2.885344314575195312e+01
1.810000000000000000e+02 1.080000000000000000e+02 2.079534149169921875e+01
1.720000000000000000e+02 1.110000000000000000e+02 2.654286766052246094e+01
1.640000000000000000e+02 1.110000000000000000e+02 2.879600143432617188e+01
1.020000000000000000e+02 1.790000000000000000e+02 2.012552070617675781e+01
1.120000000000000000e+02 1.740000000000000000e+02 2.936302566528320312e+01
1.260000000000000000e+02 1.710000000000000000e+02 3.465686798095703125e+01
1.320000000000000000e+02 1.710000000000000000e+02 3.515062713623046875e+01
1.370000000000000000e+02 1.710000000000000000e+02 3.393889236450195312e+01
1.510000000000000000e+02 1.760000000000000000e+02 2.639168167114257812e+01
1.590000000000000000e+02 1.820000000000000000e+02 1.504014301300048828e+01
1.480000000000000000e+02 1.870000000000000000e+02 2.402017402648925781e+01
1.400000000000000000e+02 1.900000000000000000e+02 2.897970962524414062e+01
1.320000000000000000e+02 1.930000000000000000e+02 3.062092590332031250e+01
1.210000000000000000e+02 1.900000000000000000e+02 3.032531547546386719e+01
1.120000000000000000e+02 1.850000000000000000e+02 2.680508232116699219e+01
1.040000000000000000e+02 1.760000000000000000e+02 1.985083770751953125e+01
1.230000000000000000e+02 1.760000000000000000e+02 3.049719238281250000e+01
1.320000000000000000e+02 1.760000000000000000e+02 3.161368942260742188e+01
1.400000000000000000e+02 1.790000000000000000e+02 2.926065254211425781e+01
1.560000000000000000e+02 1.790000000000000000e+02 1.499520206451416016e+01
1.400000000000000000e+02 1.820000000000000000e+02 2.764086914062500000e+01
1.320000000000000000e+02 1.820000000000000000e+02 2.920756149291992188e+01
1.230000000000000000e+02 1.790000000000000000e+02 2.879608345031738281e+01
